Co-occurrence Matrix: 
                    0302        0500        0401        0203        0104        0005        0014        0023        0032        0041        0050        0140        0230        0320        0410        0113        1400        2300        3200        4100        5000        4010        3020        2030        1040        4001        3002        2003        1004        1013        1022        1031        2102        1103        0122        0212        1202        2201        2210        2120        0131        1310        3110        0221        3101        0311        2012        1220        2021        3011        1301        1130
        0302           0         133           0           0           0         119           2           1           0           0           0           0           0           0           1           0           0           0           3           0           0           0           0           0           0           0           0           2           2           0           0           0           0           0           0           0           0           0           0           0           0           0           0           0           1           0           0           0           0           0           0           0
        0500         128       59590         127         127         124         121           1           1           0           0          63          65         351         665         649           1         601         489         231          19          19           0           0           0           0           0           1           2           2           0           0           0           1           2          16           0           1          18          22           0          42          22           0          35          88           0           0           0           0           0           0           0
        0401           0         213           0           0           0         120           1           1           0           0           0           0           0           0           1           0           3           0           2           0           0           0           0           0           0           0           1           1           3           0           0           0           0           0           0           0           0           0           0           0           0           0           0           0           1           0           0           0           0           0           0           0
        0203           0         124           0           0           0         133           2           1           0           0           0           0           0           0           1           0           0           0           2           0           0           0           0           0           0           0           0           2           3           0           0           0           0           0           0           0           0           0           0           0           0           0           0           0           1           0           0           0           0           0           0           0
        0104           0         123           5           0           0         364           5           0           0           7           0           0           0           0           1           0           0           2           0           0           0           0           0           0           0           0           0           2           9           0           0           0           0           0           0           0           0           0           0           0           2           0           0           0           0           0           0           0           0           0           0           0
        0005         114         123         114         113         113       87147        1468         762         260          79          83           2           1           0           1           1           2           1          25           0          22           0           0           0           0          22         569         787        1721           3           6           2          60           1          75           1           1           3           0           0          58           0           0           0         326           1           3           0           5           1           1           0
        0014           0           1           8           0           0        1332         150          69          53          35         101           2           2           0           0          26           0           0           0           0           1           0           0           0           0           1           0           5           6          15           2           0           2           0          31           0           0           0           0           0          37           0           0           0           1           0           0           0           2           5           0           0
        0023           8           1           1           8          32         582          71          59          20           2         390           3           1           1           0          32           0           0           0           0           0           0           0           0          27           0           7           4          63           0           0           0           3           0          19           0           0           0           0           0           3           0           0           0           6           0           0           0           0           2           0           1
        0032           0           0           0           0          49         244          24           2           4          93         474           2           2           1           0          18           0           0           0           0           0           0           0           0           4           0           2           3           2           0           0          28           0           1           2           0           0           0           2           0           1           0           0           0           0           0           0           0           0           0           0           0
        0041           0           0           0           0           1          97           6           9         100          78         741           5           0           2           0           1           0           0           0           0           0           0           0           0           0           0           0           1           2           0          28           4           0           0           0           0           0           2           0           0           0           0           0           0           0           0           0           0           0           0           0           0
        0050           0          61           0           0           0          93         101         407         492         768       44488         602         525         180          64           0           1           0           0           0           8           8           8           8           8           0           0           1           0          57          12           0           0           0           2           2           2           0          28           0           0           2           0           0           0           1           0          26           0           0           0           0
        0140           0          60           0           0           0           0           0           0           2           3         587          94          50           4           1           0           0           1           0           0           0           0           0           0           0           0           0           0           0           0           0           0           0           0           0           1           0           0           0          14          10           0           0           0           0           0           0           1           0           0           0           4
        0230           0         317          21           0           0           0          10          20          16           8         460          50           4          12          13           1           0           3           7           0           0           0           0          14           4           0           0           0           0           0           0           0           0           0           0           0           0           0           0           0           0           0           0           1           0           0           0           0           0           0           0           1
        0320           8         626          10           0           0           0           0           2           0           0         193           1           6          23          87           0           0           0           4           0           0           0           0           0           1           0           0           0           0           0           0           0           0           0           0           0           0           0           0           0           0           3           0           1           0          21           0           0           0           0           0           0
        0410           0         543           1           0           0           0           0           0           0           0          62           2          13          91         117           0           4          66           1           0           0           0           0           0           0           0           0           0           0           0           0           0           0           0           0           8           0           0           0           0           0           0           0          22           0          10           0           0           0           0           0           0
        0113           5           2           0           0           0          65           1           0           8           0           1           0           0           0           0           0           0           0           0           0           0           0           0           0           0           0           0           0           1           0           0           0           0           0           0           0           0           0           0           0           1           0           0           0           0           0           0           0           0           0           0           0
        1400           0         578           0           0           0           0           0           0           0           0           0           0           0           3           4           0          94          59           0           0          19           0           0           0           0           0           0           0           0           0           0           0           0           0           0           0           0          44           0           0           0           0           0           0           0           0           0           0           0           0           6           0
        2300           0         510           6           0           0           0           0           0           0           0           0           0           0           0           0           0          62           0           1           1          64           6           0           0           0           0           0           0           0           0           0           0           0           0           0           0           0           0           0           0           0           0           0           0           0           0           0           0           0           0          44           0
        3200           0         204          44           0           0          14           0           0           0           0           0           0           0           0           0           0           0           3           0          14          89           0           0           0           0           0           0          12           0           0           0           0           0           0           0           0           0           0           0           0           0           0           6           0           0           0           0           0           0           0           0           0
        4100           0          18           0           0           0           5           0           0           0           0           0           0           0           0           0           0           0           1          16          15          69           0           0           0           0           0           0           0           0           0           0           0           0           0           0           0           0           0           6           0           0           0           0           0           0           0           0           0           0           0           0           0
        5000           0          18           0           0           5          17           1           0           0           0          12           0           0           0           0           0          18          62          92          74        7105          12          12          12          12          69          61          26          18           4           0           0           0           5           0           0           0           0           0           0           0          12           0           0           0           0           9           0           0           0           0           0
        4010           0           0           0           0           0           0           0           0           0           0          11           1           0           0           0           0           0           0           0           0          19           0           0           0           0           0           0           0           0           0           0           0           0           0           0           0           0           0           0           0           0           0           0           0           0           0           0           0           0           0           0           0
        3020           0           0           0           0           0           0           0           0           0           0          10           1           1           0           0           0           0           0           0           0           8           0           0           0           0           0           0           0           0           0           0           0           0           0           0           0           0           0           0           0           0           0           0           0           0           0           0           0           0           0           0           0
        2030           0           0           0           0           0           0           0           0           0           1          24           1           2           0           0           0           0           0           0           0           8           0           0           0           0           0           0           0           0           0           0           0           0           0           0           0           0           0           0           0           0           0           0           0           0           0           0           0           0           0           0           0
        1040           0           0           0           0           0           0           0           0           1           0          60           0           2           1           0           0           0           0           0           0           8           0           0           0           0           0           0           0           0           0           0           0           0           0           0           0           0           0           0           0           0           0           0           0           0           0           0           0           0           0           0           0
        4001           0           0           0           0           0          17           1           0           0           0           0           0           0           0           0           0           0           1           0           0          65           0           0           0           0           9           2           0           0           0           0           0           5           0           0           0           0           0           0           0           0           0           0           0           0           0           2           0           0           3           0           0
        3002           0           0           0          14         151         384           4           3           0           0           0           0           0           0           0           4           0           1           0           0          59           3           0           0           0           3           1           0           4           0           0           0           0           0           0           0          12           0           0           0           0           0           0           0           5           0           0           0           0           2           0           0
        2003           0           0           0           1          22         650           2           0           0           0           0           0           0           0           0           0           0           1           1           5          25           2           0           0           0           1           1           0         141           2           1           0           0         155           0           0          25           0           0           0           0           0           0           0           0           0           0           0           0           0           0           0
        1004           0           1           1           1           0        1599           1           0           0           2           2           0           0           0           0           0           0           1           0           1          21           0           0           0           0           0           4         157         159           0           1           0         154          20           0           0           1          25           0           0           0           0           0           0           6           0           1           0           0           0           0           0
        1013           0           0           0           0           0          15           0           0           0           0          56           0           1           1           0           0           0           0           0           0           5           0           0           0           0           0           0           1           1           0           0           0           0           1           0           0           0           0           0           0           0           0           0           0           0           0           0           0           0           0           0           0
        1022           0           0           0           0           0           1           0           0           0           0          41           0           0           1           0           0           0           0           0           0           0           0           0           0           0           0           0           4           0           0           0           0           3           0           0           0           0           0           0           0           0           0           0           0           0           0           0           0           0           0           0           0
        1031           0           0           0           0           0           0           0           0           0           0          33           0           0           1           0           0           0           0           0           0           0           0           0           0           0           0           0           0           0           0           0           0           0           0           0           0           0           0           0           0           0           0           0           0           0           0           0           0           0           0           0           0
        2102           0           0           0           0           1         234           4           0           0           0           0           0           0           0           0           0           0           0           1           0           0           0           0           0           0           0           0           0           0           0           0           0           0           0           0           0           1           0           0           0           0           0           0           0           0           0           0           0           0           0           0           0
        1103           0           1           0           0           0         180           4           0           0           0           0           0           0           0           0           0           0           0           0           0           0           0           0           0           0           0           0           0           2           0           0           0           1           0           0           0           0           0           0           0           0           0           0           0           0           0           0           0           0           0           0           0
        0122           0          16           0           5           0         112           0           8           1           0           0           0           0           0           0           0           0           0           0           0           0           0           0           0           0           0           0           0           1           0           0           0           0           0           0           0           0           0           0           2           0           0           0           0           0           0           0           0           0           0           0           0
        0212           0           9           0           0           0           0           0           0           0           1           0           0           0           0           0           0           0           0           0           0           0           0           0           2           0           0           0           0           0           0           0           0           0           0           0           0           0           0           0           0           0           0           0           0           0           0           0           0           0           0           0           0
        1202           0           1           0           0           0          15           0           0           0           0           0           0           0           0           0           0           0           0           0           0           0           0           0           0           2           0           0          12          12           0           0           0           0           0           0           0           0           1           0           0           0           0           0           0           0           0           0           0           0           0           0           0
        2201           0          62           0           0           0          16           0           0           0           0           2           0           0           0           0           0           0           0           0           1           0           0           0           0           0           0           0          12           0           0           0           0           0           0           0           0           0           0           0           0           0           0           0           0           0           0           0           0           0           0           0           0
        2210           0          22           0           0           0           0           0           0           0           0          30           0           0           0           0           0           0           0           0           0           6           0           0           0           0           0           0           0           0           0           0           0           0           0           0           0           0           0           0           0           0           0           0           0           0           0           0           0           0           0           0           0
        2120           0           0           0           0           0           0           0           0           0           0          16           0           0           0           0           0           0           0           0           0           0           0           0           0           0           0           0           0           0           0           0           0           0           0           0           0           0           0           0           0           0           0           0           0           0           0           0           0           0           0           0           0
        0131           0          42           0           0           5          84          19           1           0           0           0           1           0           0           0           0           0           0           0           0           0           0           0           0           0           0           0           0           2           0           0           0           0           0           0           0           0           0           0           0           0           0           0           0           0           0           0           0           0           0           0           0
        1310           0           0           0           0           0           0           0           0           0           0           2           0           0           0           0           0          22           3           0           0          12           0           0           0           0           0           0           0           0           0           0           0           0           0           0           0           0           0           0           0           0           0           0           0           0           0           0           0           0           0           0           0
        3110           0           0           0           0           0           0           0           0           0           0           0           0           0           0           0           0           0           0           0           0           6           0           0           0           0           0           0           0           0           0           0           0           0           0           0           0           0           0           0           0           0           0           0           0           0           0           0           0           0           0           0           0
        0221           0          51           8           0           0           0           0           0           0           0           0           0           0           0           0           0           0           0           0           0           0           0           0           0           0           0           0           0           0           0           0           0           0           0           0           0           0           0           0           0           0           0           0           0           0           0           0           0           0           0           0           0
        3101           0          88           0           0          14         313           8           0           0           0           0           0           0           0           0           0           0           0           0           0           0           0           0           0           0           0           0           0           0           0           0           0          12           0           0           0           0           0           0           0           0           0           0           0           0           0           0           0           0           0           0           0
        0311           0          32           0           0           0           0           0           0           1           0           0           0           0           0           0           0           0           0           0           0           0           0           0           0           0           0           0           0           0           0           0           0           0           0           0           0           0           0           0           0           0           0           0           0           0           0           0           0           0           0           0           0
        2012           0           0           0           0           0           0           1           0           0           0           0           0           0           0           0           0           0           0           0           0          12           0           0           0           0           0           1           1           0           0           0           0           0           0           0           0           0           0           0           0           0           0           0           0           0           0           0           0           0           0           0           0
        1220           0           0           0           0           0           0           0           0           0           0          13           0           0           0           0           0           0           0           0           0           0           0           0           0          14           0           0           0           0           0           0           0           0           0           0           0           0           0           0           0           0           0           0           0           0           0           0           0           0           0           0           0
        2021           0           0           0           0           0           0           0           0           0           0           0           0           0           0           0           0           0           0           0           0           0           0           0           0           0           0           0           0           4           0           0           0           0           3           0           0           0           0           0           0           0           0           0           0           0           0           0           0           0           0           0           0
        3011           0           0           0           0           3           4           0           0           0           0           0           0           0           0           0           0           0           0           0           0           6           0           0           0           0           0           0           0           0           0           0           0           0           0           0           0           0           0           0           0           0           0           0           0           0           0           0           0           0           0           0           0
        1301           0          51           0           0           0           0           0           0           0           0           0           0           0           0           0           0           0           0           0           0           0           0           0           0           0           0           0           0           0           0           0           0           0           0           0           0           0           0           0           0           0           0           0           0           0           0           0           0           0           0           0           0
        1130           0           0           0           0           0           0           0           0           0           0           5           0           1           0           0           0           0           0           0           0           0           0           0           0           0           0           0           0           0           0           0           0           0           0           0           0           0           0           0           0           0           0           0           0           0           0           0           0           0           0           0           0
